0.7478950023651123 -0.5416953563690186
1.2901172637939453 -0.6409788131713867
1.8853497505187988 -0.6563584804534912
2.5816078186035156 -0.6761243343353271
3.1448538303375244 -0.622704029083252
3.5342657566070557 -0.6845766305923462
3.7189931869506836 -0.128182053565979
3.816797971725464 0.3455173373222351
4.435664653778076 0.6352081298828125
5.004773139953613 0.892029345035553
5.572958469390869 0.4858567714691162
5.901424407958984 0.052175164222717285
6.4304962158203125 0.10635733604431152
7.113099098205566 0.19006097316741943
7.759899139404297 0.20679962635040283
8.454595565795898 0.05221879482269287
9.127523422241211 -0.28921353816986084
9.83615493774414 -0.4610375165939331
10.588533401489258 -0.46392667293548584
11.116533279418945 -0.35879409313201904
11.683467864990234 -0.20378434658050537
11.684377670288086 1.769839882850647
10.942014694213867 3.2525415420532227
9.776422500610352 3.7752737998962402
7.840699672698975 3.8773112297058105
6.273386001586914 3.78312349319458
5.847892761230469 3.1988134384155273
5.624452114105225 2.3891167640686035
5.3849382400512695 1.698530673980713
4.994109153747559 1.1304785013198853
4.673994064331055 0.6465994715690613
4.026766777038574 0.5449385643005371
3.957876682281494 -0.13215315341949463
3.6199333667755127 -0.7498255968093872
2.839294910430908 -0.6455740928649902
2.2113380432128906 -0.5800306797027588
1.6912927627563477 -0.41166484355926514
1.1658339500427246 -0.21273648738861084
0.753028154373169 0.2738581895828247
0.4317750930786133 0.9797075986862183
0.6555337905883789 2.3340024948120117
1.3951623439788818 3.266298294067383
2.4776928424835205 3.748166084289551
3.425395965576172 3.535335063934326
4.218132972717285 3.2935338020324707
4.935624599456787 2.747744560241699
5.343297958374023 1.5618582963943481
5.606517791748047 0.5710619688034058
5.85999870300293 -0.11416852474212646
6.631278038024902 0.1872166395187378
7.343559265136719 0.15158617496490479
8.14307975769043 -0.07494890689849854
8.628593444824219 -0.42837750911712646
9.525907516479492 -0.4338744878768921
10.641510009765625 -0.3430994749069214
11.367348670959473 0.11088812351226807
11.619548797607422 1.2610551118850708
11.441509246826172 2.303051471710205
10.350957870483398 3.5397138595581055
8.759000778198242 3.786465644836426
7.208620548248291 3.7586488723754883
5.998483657836914 3.1400465965270996
5.660849571228027 1.9287810325622559
5.127619743347168 1.160224199295044
4.606146812438965 0.6495627164840698
3.8780722618103027 0.6515454053878784
3.952557325363159 -0.366788387298584
3.129913091659546 -0.6513698101043701
2.5016236305236816 -0.6521871089935303
1.9276413917541504 -0.5855257511138916
1.2062993049621582 -0.2779759168624878
