1.109100103378296 -0.04668998718261719
2.410057544708252 -0.021246910095214844
3.4877874851226807 -0.07813835144042969
4.403700351715088 0.8880969285964966
5.177283763885498 1.4680254459381104
5.665180683135986 0.47541582584381104
6.033431053161621 0.028348684310913086
7.0016679763793945 0.054160356521606445
7.720214366912842 0.053215980529785156
9.550273895263672 0.1609342098236084
10.738384246826172 0.18691039085388184
10.826509475708008 1.3485825061798096
10.828826904296875 2.2339789867401123
