0.7484376430511475 0.0918588638305664
1.4681706428527832 0.8927137851715088
2.1630067825317383 1.8321812152862549
2.800550937652588 2.8811354637145996
3.492767810821533 3.653698682785034
4.490557670593262 3.626431703567505
5.4308881759643555 3.569007158279419
6.482814788818359 3.5680735111236572
6.507492542266846 2.654724597930908
6.451152801513672 1.6593962907791138
10.46409797668457 1.617018461227417
11.462162971496582 1.7625930309295654
12.043846130371094 2.4807612895965576
11.909385681152344 3.421928644180298
11.047401428222656 3.754103183746338
9.69287109375 3.756223201751709
8.336921691894531 3.8973848819732666
7.174229621887207 3.815866470336914
5.735437393188477 3.7351529598236084
4.074923515319824 3.653557777404785
1.8617122173309326 3.545933246612549
1.2781944274902344 2.911778450012207
0.33153486251831055 0.4240896701812744
