0.4801468849182129 0.011832475662231445
1.521958589553833 0.06323373317718506
2.410057783126831 0.11710405349731445
3.405571937561035 -0.050351738929748535
4.37359619140625 -0.10704481601715088
5.202608108520508 0.029618263244628906
6.449995040893555 0.08298516273498535
7.805385589599609 0.08054161071777344
9.052274703979492 -0.004152059555053711
10.048250198364258 0.02195286750793457
11.155305862426758 0.02026057243347168
11.904752731323242 -0.0638883113861084
11.958904266357422 0.9874246120452881
11.932271957397461 2.287261724472046
10.851776123046875 2.288573980331421
10.13278865814209 1.9859001636505127
