0.9691786766052246 -0.6825646162033081
1.7278168201446533 -0.7995376586914062
2.35551381111145 -0.771978497505188
3.0379066467285156 -0.8229571580886841
3.4962425231933594 -0.37553825974464417
3.7044920921325684 0.04612979292869568
4.123414516448975 0.5474705100059509
4.649709224700928 0.8128553628921509
5.242376804351807 1.1844223737716675
5.722223281860352 0.3290625512599945
6.277981758117676 0.0667169988155365
6.914356231689453 0.028947442770004272
7.699249267578125 0.018051713705062866
8.658920288085938 -0.03235164284706116
9.391731262207031 0.022859424352645874
10.221128463745117 0.2775052487850189
11.314125061035156 0.6191550493240356
11.785816192626953 1.2816978693008423
11.756132125854492 2.06018328666687
11.595817565917969 2.792320489883423
11.185873031616211 3.3083460330963135
10.637807846069336 3.3991715908050537
10.168087005615234 3.1607987880706787
9.337434768676758 3.3690712451934814
8.456767082214355 3.7157013416290283
7.540355682373047 3.733799934387207
6.667165279388428 3.846846103668213
5.940901756286621 2.9970943927764893
5.682695388793945 2.337090253829956
5.3770341873168945 1.7478810548782349
5.117974758148193 1.2992844581604004
4.582363128662109 0.8053556680679321
4.021946430206299 0.33492693305015564
3.7419590950012207 -0.11056932806968689
3.415207862854004 -0.6273409128189087
3.019096612930298 -0.7674037218093872
2.4577932357788086 -0.792401909828186
1.8955228328704834 -0.537896990776062
1.3305199146270752 -0.025329679250717163
0.999241828918457 0.6055341958999634
0.7872986793518066 1.2829617261886597
0.8803753852844238 2.1017675399780273
1.2969682216644287 2.8766069412231445
1.8552770614624023 3.395461082458496
2.674328327178955 3.609873056411743
3.516896963119507 3.61537766456604
3.9877827167510986 3.4541893005371094
4.621932029724121 2.8004281520843506
4.953943252563477 2.1453919410705566
5.211124420166016 1.4626017808914185
5.63902473449707 0.5983868837356567
6.1121625900268555 -0.12724968791007996
6.814408302307129 0.15661421418190002
7.522312641143799 0.15903297066688538
8.394272804260254 -0.002759784460067749
9.041825294494629 0.045547157526016235
9.82079792022705 0.23670879006385803
10.652118682861328 0.6640373468399048
11.028059005737305 1.13705313205719
11.309816360473633 1.6573816537857056
11.377596855163574 2.270860433578491
11.166439056396484 2.836925745010376
10.726794242858887 3.1140944957733154
10.05685806274414 3.294933795928955
8.863513946533203 3.718489170074463
7.940943717956543 3.8545315265655518
6.946712493896484 3.704860210418701
6.101566791534424 2.8995344638824463
5.564493179321289 1.6769455671310425
4.910614013671875 1.0182733535766602
4.301184177398682 0.6168929934501648
4.07112979888916 -0.3219561278820038
3.3930749893188477 -0.5783071517944336
2.5761704444885254 -0.6730936765670776
1.5416827201843262 -0.35253986716270447
1.0526955127716064 -0.04905042052268982
