0.0 -0.0
0.0 -0.0
0.0 -0.0
0.0 -0.01
0.01 -0.01
0.01 -0.02
0.0 -0.02
0.01 -0.02
-0.0 -0.02
0.01 -0.01
-0.0 -0.03
0.01 -0.02
0.02 -0.02
0.2 0.02
0.58 -0.01
1.06 -0.02
1.51 -0.0
2.02 0.02
2.51 0.02
3.05 0.02
3.6 0.05
4.1 0.12
4.52 0.17
5.06 0.24
5.59 0.31
6.05 0.33
6.52 0.35
6.89 0.35
7.36 0.39
7.77 0.43
8.13 0.47
8.48 0.51
8.82 0.55
9.22 0.68
9.52 0.86
9.8 1.05
10.08 1.24
10.27 1.51
10.38 1.91
10.32 2.28
10.09 2.69
9.76 3.06
9.29 3.34
8.79 3.55
8.2 3.75
7.67 3.88
7.13 3.98
6.62 4.03
6.09 4.02
5.64 3.98
5.21 3.95
4.8 3.9
4.45 3.84
4.13 3.79
3.79 3.73
3.43 3.65
3.09 3.55
2.68 3.42
2.25 3.22
1.79 2.9
1.36 2.52
1.01 2.09
0.75 1.62
0.69 1.2
0.85 0.99
0.99 0.82
1.12 0.69
1.33 0.53
1.55 0.38
2.0 0.19
2.51 0.12
3.0 0.11
3.5 0.16
3.93 0.18
4.32 0.21
4.77 0.21
5.14 0.2
5.58 0.19
5.93 0.19
6.29 0.22
6.63 0.23
6.95 0.26
7.35 0.32
7.75 0.39
8.17 0.49
8.67 0.64
9.1 0.8
9.71 1.13
10.33 1.6
10.8 2.05
11.15 2.52
11.41 3.1
11.39 3.6
11.14 3.79
10.76 3.9
10.3 3.83
9.93 3.66
9.46 3.21
9.07 2.76
8.75 2.4
8.38 2.17
8.09 2.07
7.75 1.97
7.47 1.92
7.14 1.85
6.82 1.76
6.52 1.67
6.05 1.62
5.65 1.62
5.2 1.56
4.78 1.42
4.41 1.1
4.4 0.84
4.51 0.56
4.52 0.28
4.43 0.16
4.23 0.01
3.97 0.04
3.59 0.09
3.24 0.13
2.88 0.17
2.52 0.18
2.19 0.17
1.79 0.12
1.35 0.03
0.96 -0.1
0.76 -0.34
0.84 -0.55
1.02 -0.62
1.21 -0.55
1.2 -0.27
0.89 -0.08
0.57 -0.01
0.23 0.0
0.08 -0.05
0.02 -0.08
0.01 -0.1
-0.02 -0.08
-0.01 -0.05
-0.02 -0.07
-0.02 -0.06
-0.0 -0.05
-0.01 -0.06
-0.04 -0.07
-0.03 -0.07
-0.01 -0.05
-0.03 -0.07
-0.03 -0.08
-0.04 -0.08
-0.04 -0.08
