0.787306547164917 -0.24316132068634033
1.390434741973877 -0.6851060390472412
1.991180419921875 -0.7968107461929321
2.6815176010131836 -0.8480931520462036
3.205674648284912 -0.8410954475402832
3.741503953933716 -0.5343886613845825
3.9906721115112305 -0.02112656831741333
4.103281021118164 0.5051981210708618
4.6391096115112305 0.7973964214324951
5.116462707519531 1.059130311012268
5.571021556854248 0.7200016975402832
5.906257152557373 0.2293550968170166
6.302029609680176 -0.14062106609344482
6.690913200378418 0.11964142322540283
7.440645217895508 0.20457065105438232
8.015713691711426 0.07709968090057373
8.67917251586914 -0.01917564868927002
9.551244735717773 -0.022648930549621582
10.365345001220703 0.03302323818206787
10.926894187927246 0.5367640256881714
11.116947174072266 1.2762092351913452
11.105663299560547 2.238725185394287
10.894712448120117 2.956204414367676
10.620219230651855 3.494330406188965
10.144768714904785 3.9685325622558594
9.538206100463867 4.1230854988098145
8.563948631286621 4.0962677001953125
7.690865516662598 3.9773402214050293
6.611331939697266 3.735750198364258
6.016777038574219 3.2933950424194336
5.575809478759766 2.5196845531463623
5.242590427398682 1.7058948278427124
4.84564733505249 0.9193984270095825
4.28214168548584 0.5226510167121887
3.931673288345337 -0.10979527235031128
3.425673246383667 -0.4030977487564087
2.9310336112976074 -0.4549245834350586
2.3756933212280273 -0.37254011631011963
1.6536438465118408 -0.18693244457244873
1.0457077026367188 0.419164776802063
0.7232940196990967 1.1039479970932007
0.6080858707427979 1.8964208364486694
0.6856434345245361 2.7953786849975586
1.15545654296875 3.4629411697387695
1.779794454574585 3.8301162719726562
2.5143191814422607 3.705519676208496
3.250688076019287 3.6572999954223633
3.7652506828308105 3.2593154907226562
4.279547691345215 2.922423839569092
4.767486572265625 2.3885669708251953
5.14776086807251 1.8207738399505615
5.261955738067627 1.1193102598190308
5.570338726043701 0.5100246667861938
5.9354023933410645 0.051227569580078125
6.237920761108398 -0.12433052062988281
6.667314529418945 0.16581952571868896
7.136404514312744 0.3061100244522095
7.839252948760986 0.19598543643951416
8.50025749206543 0.12988555431365967
9.53390884399414 0.15864026546478271
10.283859252929688 0.39268815517425537
10.50396728515625 0.9519513845443726
10.550935745239258 1.8546289205551147
10.476115226745605 2.815126895904541
10.227033615112305 3.428089141845703
9.785566329956055 3.812258720397949
8.894479751586914 3.994755744934082
8.264698028564453 3.926149368286133
7.460554122924805 3.8912277221679688
6.9737653732299805 3.6820969581604004
6.253308296203613 3.274413585662842
5.90545654296875 2.629973888397217
5.41316032409668 1.8362864255905151
4.976963043212891 1.0693373680114746
4.370455741882324 0.6283465027809143
3.9321956634521484 0.04125434160232544
3.6411638259887695 -0.6969391107559204
2.977670192718506 -0.28681081533432007
2.467522382736206 -0.1746131181716919
1.8982436656951904 -0.1820441484451294
1.127812385559082 -0.059388041496276855
0.5536904335021973 -0.12518727779388428
