-0.0 -0.01
-0.01 -0.02
-0.0 0.0
0.0 -0.01
0.0 -0.0
0.0 0.01
-0.0 -0.01
0.0 -0.0
-0.01 -0.02
0.01 -0.0
0.0 0.0
0.01 -0.0
0.01 0.01
0.0 0.0
0.01 -0.01
-0.01 -0.0
0.04 -0.02
0.21 -0.02
0.58 -0.18
1.1 -0.34
1.68 -0.46
2.33 -0.54
2.92 -0.55
3.33 -0.31
3.83 0.02
4.32 0.58
4.73 1.06
5.09 1.41
5.25 1.39
5.32 1.22
5.46 1.01
5.77 0.7
6.32 0.37
7.17 0.11
8.2 0.03
9.23 0.13
10.27 0.46
11.11 0.96
11.67 1.57
11.82 2.12
11.76 2.71
11.55 3.34
11.11 3.65
10.52 3.87
9.83 4.04
9.15 4.12
8.32 4.06
7.82 3.84
7.37 3.58
6.95 3.24
6.63 2.95
6.24 2.48
5.92 2.07
5.6 1.61
5.31 1.24
4.92 0.84
4.45 0.58
3.94 0.21
3.51 -0.31
3.04 -0.74
2.35 -0.96
1.49 -0.86
0.74 -0.53
0.25 -0.03
-0.06 0.66
0.02 1.27
0.21 1.84
0.63 2.46
1.1 3.06
1.76 3.58
2.33 3.82
2.78 3.8
3.06 3.67
3.27 3.52
3.47 3.36
3.71 3.17
4.01 2.9
4.25 2.53
4.52 2.19
4.79 1.89
4.98 1.6
5.26 1.18
5.52 0.73
5.84 0.33
6.21 0.16
6.53 0.1
6.86 0.08
7.23 0.13
7.38 0.39
7.41 0.72
7.33 1.06
7.35 1.4
7.51 1.77
7.86 2.18
8.17 2.45
8.44 2.74
8.92 2.92
9.63 2.94
10.23 2.73
10.84 2.38
11.25 1.78
11.37 1.2
11.17 0.51
10.73 0.1
10.17 -0.02
9.72 -0.04
9.34 -0.04
8.8 -0.09
8.3 0.03
7.74 0.36
7.32 0.84
7.01 1.34
6.69 1.86
6.36 2.32
5.92 2.8
5.45 3.19
4.9 3.45
4.28 3.54
3.58 3.46
2.95 3.25
2.38 2.97
1.82 2.57
1.4 2.18
1.08 1.84
0.73 1.52
0.45 1.14
0.46 0.83
0.52 0.61
0.72 0.31
1.0 0.26
1.09 0.43
0.96 0.61
0.8 0.59
0.62 0.46
0.43 0.31
0.31 0.2
0.11 0.09
0.01 0.01
-0.01 0.02
-0.02 0.01
0.01 0.02
-0.02 0.02
-0.03 -0.02
