0.8525915145874023 -0.5108602046966553
1.5708503723144531 -0.7450037002563477
2.3751206398010254 -0.8313241004943848
2.9672963619232178 -0.7897473573684692
3.5177481174468994 -0.5158679485321045
3.9008069038391113 -0.008835315704345703
4.1757073402404785 0.41365325450897217
4.790698051452637 0.666523814201355
5.5724921226501465 0.5805650949478149
6.143185615539551 -0.03336513042449951
6.969526767730713 0.0708761215209961
7.732884883880615 -0.03640294075012207
8.55556583404541 -0.2069540023803711
9.701155662536621 -0.25123023986816406
10.945415496826172 0.39889025688171387
11.423501968383789 1.4436686038970947
11.018426895141602 2.774282693862915
10.116769790649414 3.559971570968628
8.597387313842773 3.8239758014678955
6.9558305740356445 3.944025754928589
6.099159240722656 2.9720072746276855
5.548272132873535 1.7609546184539795
4.809420585632324 0.8836734294891357
4.097757339477539 0.36365067958831787
3.64516019821167 -0.41697192192077637
2.8857133388519287 -0.6769126653671265
2.075259208679199 -0.6322494745254517
1.315622329711914 -0.3459089994430542
0.6987178325653076 0.43857741355895996
0.6768937110900879 2.5047459602355957
1.321488380432129 3.452892780303955
2.4381260871887207 3.665403366088867
3.5796866416931152 3.663763999938965
4.50599479675293 3.377981424331665
4.930825233459473 2.450371742248535
5.168454170227051 1.2154361009597778
5.712569713592529 0.26468002796173096
6.349858283996582 -0.042772769927978516
7.156360626220703 0.12183952331542969
8.257024765014648 -0.024754047393798828
9.374198913574219 -0.026231050491333008
10.539897918701172 0.4466135501861572
11.239994049072266 1.3478939533233643
11.122844696044922 2.6046082973480225
10.590621948242188 3.2497365474700928
9.68922233581543 3.679269552230835
8.655969619750977 3.7209837436676025
7.669976234436035 3.849198579788208
6.66944694519043 3.46929669380188
5.929098129272461 2.4962520599365234
5.213522434234619 1.4521446228027344
4.168547630310059 0.5068484544754028
3.670389413833618 -0.24895787239074707
2.8905434608459473 -0.7906671762466431
2.151057720184326 -0.6043927669525146
1.4417741298675537 -0.295163631439209
