1.5427350997924805 -0.027984619140625
2.997340202331543 -0.14259624481201172
3.937554359436035 -0.5095086097717285
4.861865043640137 -1.2725071907043457
5.645798683166504 -1.8857674598693848
6.719515800476074 -2.4592156410217285
7.36020565032959 -1.6921625137329102
7.855391502380371 -0.9564886093139648
7.756209373474121 -0.2551093101501465
6.6641645431518555 0.7304139137268066
5.750948905944824 1.2148537635803223
4.782118797302246 1.4949660301208496
3.7881383895874023 1.5853886604309082
3.057806968688965 1.503431797027588
2.268538475036621 1.3205852508544922
1.2852792739868164 1.0252022743225098
1.4306325912475586 -0.7200565338134766
1.640974998474121 -1.7431950569152832
2.700467109680176 -2.465235710144043
3.3608312606811523 -2.9448628425598145
4.061976432800293 -3.3558669090270996
4.900616645812988 -3.7999119758605957
6.021975517272949 -4.271160125732422
6.890358924865723 -4.3866353034973145
7.496563911437988 -4.335757255554199
8.379668235778809 -4.153454780578613
1.6625394821166992 -0.06631135940551758
2.8018407821655273 -0.3945498466491699
3.241885185241699 -0.9212455749511719
3.6889848709106445 -1.3543620109558105
4.4337873458862305 -1.9034934043884277
4.95456600189209 -1.9966602325439453
5.746726036071777 -2.1291041374206543
6.295580863952637 -1.7341184616088867
6.9304704666137695 -1.1753230094909668
7.488848686218262 -0.8266687393188477
8.269461631774902 -0.8504009246826172
8.715651512145996 -1.4743165969848633
8.373322486877441 -2.0890326499938965
7.606144905090332 -2.4896998405456543
1.3284740447998047 -0.008321762084960938
2.5511417388916016 -0.04006528854370117
3.7251968383789062 0.049947261810302734
4.603614807128906 -0.4276852607727051
4.945890426635742 -0.925778865814209
4.955827713012695 -1.7167973518371582
4.683713912963867 -2.364941120147705
4.007526397705078 -3.0553994178771973
3.137025833129883 -3.391838550567627
2.2186946868896484 -3.3318099975585938
1.39105224609375 -3.2330732345581055
0.7931270599365234 -3.2726669311523438
0.3059520721435547 -3.682842254638672
-0.07083320617675781 -4.419976234436035
0.9598407745361328 -4.858781814575195
2.5441436767578125 -4.936199188232422
4.2042236328125 -4.847167015075684
