0.0 -0.0
-0.58 -0.4
-0.59 -0.42
-0.59 -0.4
-0.59 -0.4
-0.57 -0.4
-0.57 -0.39
-0.58 -0.41
-0.57 -0.43
-0.6 -0.43
-0.58 -0.43
-0.57 -0.39
-0.57 -0.42
-0.56 -0.41
-0.55 -0.4
-0.56 -0.41
-0.54 -0.4
-0.57 -0.41
-0.56 -0.41
-0.52 -0.39
-0.55 -0.42
-0.55 -0.43
-0.56 -0.42
-0.56 -0.41
-0.55 -0.43
-0.5 -0.43
-0.41 -0.28
-0.22 -0.16
-0.02 -0.15
0.08 -0.16
0.14 -0.15
0.26 -0.1
0.43 -0.16
0.51 -0.17
0.59 -0.17
0.6 -0.16
0.65 -0.14
0.7 -0.09
0.8 -0.07
1.04 -0.03
1.34 -0.02
1.64 -0.03
2.0 -0.03
2.31 -0.03
2.68 0.03
3.26 0.07
3.7 0.08
4.2 0.17
4.65 0.21
5.09 0.27
5.6 0.31
6.28 0.35
6.89 0.39
7.58 0.45
8.23 0.55
8.92 0.67
9.48 0.85
10.24 1.21
10.92 1.71
11.44 2.38
11.52 3.01
11.25 3.44
10.87 3.6
10.24 3.76
9.89 3.81
9.0 4.05
8.58 4.16
7.7 4.23
7.09 4.24
6.38 4.2
5.64 4.09
4.99 3.97
4.27 3.8
3.67 3.66
3.02 3.42
2.43 3.18
1.73 2.75
1.07 2.15
0.67 1.56
0.43 0.51
0.71 -0.04
1.12 -0.21
1.58 -0.24
2.24 -0.15
2.99 0.1
3.65 0.29
4.33 0.39
4.87 0.43
5.49 0.43
5.97 0.45
6.65 0.45
7.18 0.45
7.8 0.47
8.5 0.48
9.25 0.67
10.01 1.04
10.71 1.7
11.07 2.41
11.09 3.09
10.81 3.44
10.42 3.54
9.9 3.7
9.43 3.82
8.85 4.0
8.21 4.16
7.5 4.27
6.77 4.24
5.93 4.15
5.16 4.04
4.41 3.87
3.67 3.56
3.0 3.24
2.33 2.88
1.74 2.5
1.18 1.92
0.72 1.19
0.65 0.54
0.88 0.32
1.09 0.41
1.05 0.68
0.9 0.73
0.62 0.5
0.38 0.26
0.15 0.0
0.11 -0.12
0.12 -0.13
0.07 -0.13
0.02 -0.03
-0.01 0.05
0.0 0.01
0.02 -0.01
0.01 0.01
-0.01 -0.02
