-0.0 -0.01
-0.01 -0.03
-0.02 -0.03
-0.0 -0.03
-0.02 -0.02
0.0 -0.01
-0.0 -0.02
0.0 -0.02
-0.0 -0.02
-0.01 -0.03
-0.02 -0.02
-0.0 -0.02
-0.01 -0.02
-0.0 -0.01
-0.0 -0.02
-0.0 -0.02
0.01 -0.02
-0.01 -0.04
-0.01 -0.04
-0.02 -0.04
-0.0 -0.02
0.06 0.02
0.21 0.04
0.44 0.02
0.75 0.03
1.02 0.03
1.43 0.0
1.82 -0.01
2.21 -0.0
2.6 0.01
2.9 0.01
3.33 0.04
3.72 0.12
4.12 0.21
4.45 0.29
4.9 0.37
5.31 0.41
5.77 0.47
6.19 0.47
6.64 0.46
7.09 0.45
7.46 0.45
7.91 0.5
8.4 0.52
8.86 0.61
9.26 0.72
9.76 0.98
10.11 1.23
10.46 1.63
10.72 2.1
10.74 2.43
10.56 2.74
10.24 2.98
9.93 3.15
9.63 3.29
9.26 3.42
8.91 3.52
8.56 3.61
8.16 3.69
7.73 3.72
7.15 3.7
6.67 3.56
6.39 3.27
6.15 2.92
5.86 2.47
5.52 1.96
5.17 1.44
4.84 1.03
4.52 0.59
4.18 0.22
3.63 -0.22
2.81 -0.54
2.1 -0.65
1.31 -0.5
0.82 -0.14
0.69 0.29
0.68 0.59
0.7 0.87
0.73 1.11
0.78 1.32
0.9 1.4
0.98 1.45
1.11 1.54
1.31 1.66
1.52 1.74
1.76 1.88
2.01 1.99
2.54 2.06
2.91 1.94
3.29 1.69
3.71 1.43
4.09 1.14
4.4 0.93
4.8 0.68
5.13 0.49
5.52 0.36
5.96 0.25
6.43 0.16
6.87 0.15
7.23 0.11
7.64 0.11
8.13 0.12
8.63 0.16
9.15 0.26
9.74 0.42
10.29 0.64
10.8 0.96
11.34 1.42
11.68 1.95
11.72 2.43
11.5 2.81
11.07 3.17
10.54 3.44
9.75 3.65
9.17 3.74
8.56 3.79
8.04 3.83
7.45 3.83
7.0 3.88
6.52 3.86
6.04 3.78
5.64 3.72
5.18 3.59
4.71 3.43
4.19 3.21
3.69 2.96
3.18 2.7
2.61 2.31
2.13 1.89
1.75 1.51
1.22 0.81
1.0 0.29
1.11 -0.05
1.38 -0.06
1.46 0.15
1.21 0.26
0.99 0.21
0.6 0.08
0.27 -0.02
0.11 -0.06
0.03 -0.11
-0.03 -0.09
-0.02 -0.07
-0.02 -0.06
-0.02 -0.08
-0.03 -0.07
-0.0 -0.08
-0.02 -0.09
-0.02 -0.07
-0.03 -0.07
