1.2928180694580078 0.060950398445129395
2.4268550872802734 0.0272904634475708
3.7545361518859863 -0.07231926918029785
5.112273216247559 0.022984027862548828
6.437870025634766 0.020642399787902832
7.664533615112305 0.050811171531677246
8.73723030090332 0.34078848361968994
9.707334518432617 0.40365922451019287
10.677422523498535 0.4021064043045044
11.841493606567383 0.432472825050354
11.87669849395752 1.3381496667861938
11.815768241882324 2.341337203979492
11.815767288208008 3.0201711654663086
10.749176025390625 3.2151503562927246
9.487953186035156 3.21871280670166
8.38382339477539 3.1872339248657227
7.155633926391602 3.1571950912475586
5.989635467529297 3.158637046813965
4.631562232971191 3.1603217124938965
3.629464864730835 3.097092628479004
2.5934391021728516 3.0995378494262695
1.5555295944213867 3.164884090423584
1.523937702178955 2.0006422996520996
1.5546278953552246 0.9985634088516235
1.5263185501098633 0.1585179567337036
