0.7971692085266113 -0.5206294059753418
1.5154433250427246 -0.6277327537536621
2.2845115661621094 -0.707888126373291
3.0794785022735596 -0.8641790151596069
3.690251350402832 -0.8470242023468018
3.977215051651001 -0.14954650402069092
4.139114856719971 0.468153715133667
4.126804828643799 0.8510303497314453
4.689084529876709 0.8667027354240417
5.406575679779053 0.7851479053497314
5.802465915679932 0.3107703924179077
6.2212018966674805 -0.060339152812957764
6.853091716766357 0.16234099864959717
7.51923942565918 0.028314828872680664
8.213499069213867 -0.05482053756713867
8.833102226257324 -0.29282307624816895
9.494973182678223 -0.17180204391479492
10.409177780151367 0.03298759460449219
11.087409973144531 0.33372926712036133
11.52767562866211 1.0614771842956543
11.503789901733398 1.9039254188537598
11.380414962768555 2.5900673866271973
11.082345008850098 3.220827102661133
10.689546585083008 3.541752815246582
10.225601196289062 3.7072908878326416
9.610640525817871 3.791545867919922
8.920269012451172 3.8488662242889404
8.174443244934082 3.979811668395996
7.411087989807129 3.9069137573242188
6.756329536437988 3.6086320877075195
6.2103376388549805 3.0563809871673584
6.026688575744629 2.2848682403564453
5.993733882904053 1.644581913948059
5.6534552574157715 1.0478988885879517
5.2014994621276855 0.8051018714904785
4.744750499725342 0.7156696319580078
4.086496829986572 0.5692085027694702
3.928572177886963 -0.1228107213973999
3.5341248512268066 -0.6447361707687378
2.793715000152588 -0.6924742460250854
2.4477827548980713 -0.19275474548339844
1.853557825088501 -0.005511283874511719
1.1783523559570312 0.38407111167907715
0.9065976142883301 1.0655040740966797
0.8621940612792969 1.7282629013061523
0.9679417610168457 2.446566104888916
1.2393674850463867 2.8115310668945312
1.918389081954956 3.1372179985046387
2.6249964237213135 3.4128029346466064
3.286165475845337 3.509450912475586
3.874553680419922 3.4491610527038574
4.572628021240234 3.1364715099334717
4.951532363891602 2.40704345703125
5.181493282318115 1.519530177116394
5.460505485534668 0.6851309537887573
5.9113922119140625 0.00867605209350586
6.592616558074951 0.30888915061950684
7.36064338684082 0.15294909477233887
8.254594802856445 0.050994873046875
8.946398735046387 0.01833176612854004
9.713069915771484 0.03986549377441406
10.520687103271484 0.26784849166870117
11.100240707397461 0.7940053939819336
11.396994590759277 1.695328712463379
11.26833724975586 2.533048152923584
10.864065170288086 3.3889894485473633
10.16702651977539 3.6230812072753906
9.47357177734375 3.7816758155822754
8.782690048217773 3.8641197681427
8.089609146118164 4.020906448364258
7.30800724029541 3.8223373889923096
6.432222366333008 3.2648842334747314
6.146147727966309 2.592743396759033
5.710302352905273 1.7382044792175293
5.240828514099121 1.2146186828613281
4.719672203063965 0.7661122679710388
3.992949962615967 0.363816499710083
3.7866973876953125 -0.4318457841873169
3.09893798828125 -0.5806843042373657
2.3866372108459473 -0.5240360498428345
1.7144408226013184 -0.21170544624328613
1.2196388244628906 0.10512614250183105
