1.0371389389038086 0.01834571361541748
1.8099360466003418 -0.05683588981628418
2.584718942642212 -0.14995157718658447
3.285355567932129 -0.13273417949676514
3.9126360416412354 -0.09681391716003418
4.445759296417236 -0.061110615730285645
4.7799272537231445 0.5098153352737427
5.261026382446289 1.0253450870513916
5.684834003448486 1.19036066532135
6.1456708908081055 1.1343878507614136
6.662054538726807 0.6173664331436157
7.1956257820129395 0.2664886713027954
8.00650405883789 -0.011691927909851074
9.297491073608398 0.11535656452178955
10.15140151977539 1.460023045539856
10.373678207397461 2.3449950218200684
9.966439247131348 3.082190990447998
9.320639610290527 3.4703097343444824
8.03197193145752 3.5283966064453125
6.980051040649414 3.5301027297973633
6.056276321411133 3.5487756729125977
4.91353178024292 3.6065549850463867
3.696603536605835 3.533362865447998
2.515268325805664 3.295900344848633
1.7042062282562256 2.763021945953369
1.1848068237304688 1.8056656122207642
0.9446659088134766 0.5342835187911987
0.9165220260620117 0.021309733390808105
