0.9118633270263672 -0.6271300315856934
1.6610326766967773 -0.8076450824737549
2.3438260555267334 -0.8572525978088379
3.124636650085449 -0.809866189956665
3.56571888923645 -0.4037104845046997
3.7614197731018066 0.03504437208175659
4.300151824951172 0.5547753572463989
4.919045925140381 0.8957297205924988
5.650318145751953 0.5690741539001465
6.08977746963501 0.047786593437194824
7.262838363647461 0.30601298809051514
8.092989921569824 0.01182091236114502
8.827193260192871 -0.24981558322906494
10.058692932128906 -0.2042452096939087
11.215384483337402 0.6472333669662476
11.37582015991211 2.2144713401794434
10.918693542480469 3.41469669342041
9.143553733825684 3.8330416679382324
7.180483818054199 3.8586502075195312
6.188736915588379 3.8368401527404785
5.887014865875244 2.937661647796631
5.538661479949951 1.9467730522155762
4.959325790405273 1.0944461822509766
4.038136005401611 0.47491997480392456
3.760885238647461 -0.46728503704071045
2.908376693725586 -0.7653220891952515
2.097970962524414 -0.353100061416626
1.268266201019287 0.0863412618637085
0.9928481578826904 1.1238168478012085
1.0423660278320312 2.414466381072998
1.9190428256988525 3.4741759300231934
3.2119157314300537 3.7713451385498047
4.250146865844727 3.4702682495117188
4.871799468994141 2.731764554977417
5.190517425537109 1.3472468852996826
5.834270477294922 0.10394978523254395
7.16715145111084 0.3322802782058716
8.296442985534668 0.14605343341827393
9.504638671875 -0.08792984485626221
10.658808708190918 0.32543885707855225
11.235837936401367 1.3847135305404663
11.353629112243652 2.62924861907959
10.763429641723633 3.316575527191162
9.436580657958984 3.6902194023132324
8.034395217895508 3.880293369293213
6.765452861785889 3.835867404937744
6.020181655883789 2.9093518257141113
5.6040120124816895 1.92085599899292
4.9118194580078125 1.0944547653198242
4.384291172027588 0.6588020324707031
3.6938223838806152 -0.3942917585372925
3.3229031562805176 -0.8115335702896118
2.4672985076904297 -0.1689009666442871
2.0138182640075684 -0.3487609624862671
1.1854863166809082 0.0893324613571167
