-0.06 -0.1
-0.05 -0.11
-0.04 -0.11
-0.05 -0.11
-0.06 -0.12
-0.05 -0.11
-0.05 -0.11
-0.03 -0.1
-0.04 -0.11
-0.05 -0.11
-0.08 -0.12
-0.05 -0.11
-0.06 -0.11
-0.05 -0.11
-0.07 -0.12
-0.05 -0.11
-0.07 -0.12
-0.04 -0.1
-0.04 -0.07
0.04 0.09
0.18 0.32
0.31 0.52
0.53 0.75
0.93 1.04
1.63 1.12
2.05 0.97
2.65 0.8
3.32 0.55
3.96 0.33
4.8 0.09
5.65 -0.14
6.55 -0.31
7.32 -0.46
8.04 -0.56
8.83 -0.6
9.64 -0.63
10.47 -0.5
11.07 -0.31
11.38 0.03
11.43 0.36
11.46 0.74
11.42 1.21
11.21 1.76
10.84 2.26
10.2 2.75
9.63 2.92
9.03 3.01
8.52 3.04
8.06 3.05
7.6 3.02
7.09 3.0
6.57 2.94
5.99 2.82
5.48 2.74
4.95 2.59
4.47 2.47
3.93 2.3
3.36 2.09
2.78 1.82
2.21 1.54
1.54 1.13
1.05 0.73
0.59 0.21
0.46 -0.21
0.61 -0.41
0.78 -0.42
0.87 -0.37
0.9 -0.2
0.87 -0.04
0.9 0.16
0.98 0.37
1.29 0.7
1.83 0.93
2.29 0.83
2.72 0.65
3.19 0.48
3.78 0.34
4.29 0.25
4.87 0.13
5.48 -0.02
6.08 -0.09
6.64 -0.22
7.3 -0.32
7.93 -0.37
8.58 -0.43
9.26 -0.42
10.0 -0.35
10.75 -0.18
11.47 0.06
11.97 0.35
12.28 0.72
12.48 1.23
12.45 1.66
12.13 2.11
11.7 2.46
11.13 2.69
10.46 2.92
9.8 3.02
9.09 3.08
8.45 3.12
7.84 3.12
7.23 3.11
6.54 3.05
5.92 2.99
5.2 2.9
4.63 2.79
3.97 2.59
3.39 2.43
2.82 2.21
2.29 1.94
1.87 1.68
1.31 1.3
0.77 0.82
0.32 0.33
0.17 -0.04
0.25 -0.33
0.44 -0.38
0.52 -0.23
0.18 -0.13
-0.08 -0.19
-0.1 -0.14
-0.08 -0.09
-0.07 -0.1
-0.05 -0.1
-0.08 -0.1
-0.07 -0.08
-0.05 -0.13
-0.07 -0.11
-0.07 -0.12
-0.07 -0.1
